ans =

   600   600

