ans =

   10   10

