m =  545
n =  12
ans =

   13   13

