ans =

   100   100

