ans =

   800   800

